      500.000    0.0500000
      502.000    0.0500000
      504.000    0.0500000
      506.000    0.0500000
      508.000    0.0500000
      510.000    0.0500000
      512.000    0.0500000
      514.000    0.0500000
      516.000    0.0500000
      518.000    0.0500000
      520.000    0.0500000
      522.000    0.0500000
      524.000    0.0500000
      526.000    0.0500000
      528.000    0.0500000
      530.000    0.0500000
      532.000    0.0500000
      534.000    0.0500000
      536.000    0.0500000
      538.000    0.0500000
      540.000    0.0500000
      542.000    0.0500000
      544.000    0.0500000
      546.000    0.0500000
      548.000    0.0500000
      550.000    0.0500000
      552.000    0.0500000
      554.000    0.0500000
      556.000    0.0500000
      558.000    0.0500000
      560.000    0.0500000
      562.000    0.0500000
      564.000    0.0500000
      566.000    0.0500000
      568.000    0.0500000
      570.000    0.0500000
      572.000    0.0500000
      574.000    0.0500000
      576.000    0.0500000
      578.000    0.0500000
      580.000    0.0500000
      582.000    0.0500000
      584.000    0.0500000
      586.000    0.0500000
      588.000    0.0500000
      590.000    0.0500000
      592.000    0.0500000
      594.000    0.0500000
      596.000    0.0500000
      598.000    0.0500000
      600.000    0.0500000
      602.000    0.0500000
      604.000    0.0500000
      606.000    0.0500000
      608.000    0.0500000
      610.000    0.0500000
      612.000    0.0500000
      614.000    0.0500000
      616.000    0.0500000
      618.000    0.0500000
      620.000    0.0500000
      622.000    0.0500000
      624.000    0.0500000
      626.000    0.0500000
      629.000    0.0500000
      632.000    0.0500000
      635.000    0.0500000
      638.000    0.0500000
      641.000    0.0500000
      644.000    0.0500000
      647.000    0.0500000
      650.000    0.0500000
      653.000    0.0500000
      656.000    0.0500000
      659.000    0.0500000
      662.000    0.0500000
      665.000    0.0500000
      668.000    0.0500000
      671.000    0.0500000
      674.000    0.0500000
      677.000    0.0500000
      680.000    0.0500000
      683.000    0.0500000
      686.000    0.0500000
      689.000    0.0500000
      692.000    0.0500000
      695.000    0.0500000
      698.000    0.0500000
      701.000    0.0500000
      704.000    0.0500000
      707.000    0.0500000
      710.000    0.0500000
      713.000    0.0500000
      716.000    0.0500000
      719.000    0.0500000
      722.000    0.0500000
      725.000    0.0500000
      728.000    0.0500000
      731.000    0.0500000
      734.000    0.0500000
      737.000    0.0500000
      740.000    0.0500000
      743.000    0.0500000
      746.000    0.0500000
      749.000    0.0500000
      752.000    0.0500000
      755.000    0.0500000
      758.000    0.0500000
      761.000    0.0500000
      764.000    0.0500000
      767.000    0.0500000
      770.000    0.0500000
      773.000    0.0500000
      776.000    0.0500000
      779.000    0.0500000
      782.000    0.0500000
      785.000    0.0500000
      788.000    0.0500000
      791.000    0.0500000
      794.000    0.0500000
      797.000    0.0500000
      800.000    0.0500000
      803.000    0.0500000
      806.000    0.0500000
      809.000    0.0500000
      812.000    0.0500000
      815.000    0.0500000
      818.000    0.0500000
      821.000    0.0500000
      824.000    0.0500000
      827.000    0.0500000
      830.000    0.0500000
      833.000    0.0500000
      836.000    0.0500000
      839.000    0.0500000
      842.000    0.0500000
      845.000    0.0500000
      848.000    0.0500000
      851.000    0.0500000
      854.000    0.0500000
      857.000    0.0500000
      860.000    0.0500000
      863.000    0.0500000
      866.000    0.0500000
      869.000    0.0500000
      872.000    0.0500000
      875.000    0.0500000
      879.000    0.0500000
      883.000    0.0500000
      887.000    0.0500000
      891.000    0.0500000
      895.000    0.0500000
      899.000    0.0500000
      903.000    0.0500000
      907.000    0.0500000
      911.000    0.0500000
      915.000    0.0500000
      919.000    0.0500000
      923.000    0.0500000
      927.000    0.0500000
      931.000    0.0500000
      935.000    0.0500000
      939.000    0.0500000
      943.000    0.0500000
      947.000    0.0500000
      951.000    0.0500000
      955.000    0.0500000
      959.000    0.0500000
      963.000    0.0500000
      967.000    0.0500000
      971.000    0.0500000
      975.000    0.0500000
      979.000    0.0500000
      983.000    0.0500000
      987.000    0.0500000
      991.000    0.0500000
      995.000    0.0500000
      999.000    0.0500000
      1003.00    0.0500000
      1007.00    0.0500000
      1011.00    0.0500000
      1015.00    0.0500000
      1019.00    0.0500000
      1023.00    0.0500000
      1027.00    0.0500000
      1031.00    0.0500000
      1035.00    0.0500000
      1039.00    0.0500000
      1043.00    0.0500000
      1047.00    0.0500000
      1051.00    0.0500000
      1055.00    0.0500000
      1059.00    0.0500000
      1063.00    0.0500000
      1067.00    0.0500000
      1071.00    0.0500000
      1075.00    0.0500000
      1079.00    0.0500000
      1083.00    0.0500000
      1087.00    0.0500000
      1091.00    0.0500000
      1095.00    0.0500000
      1099.00    0.0500000
      1103.00    0.0500000
      1107.00    0.0500000
      1111.00    0.0500000
      1115.00    0.0500000
      1119.00    0.0500000
      1123.00    0.0500000
      1127.00    0.0500000
      1132.00    0.0500000
      1137.00    0.0500000
      1142.00    0.0500000
      1147.00    0.0500000
      1152.00    0.0500000
      1157.00    0.0500000
      1162.00    0.0500000
      1167.00    0.0500000
      1172.00    0.0500000
      1177.00    0.0500000
      1182.00    0.0500000
      1187.00    0.0500000
      1192.00    0.0500000
      1197.00    0.0500000
      1202.00    0.0500000
      1207.00    0.0500000
      1212.00    0.0500000
      1217.00    0.0500000
      1222.00    0.0500000
      1227.00    0.0500000
      1232.00    0.0500000
      1237.00    0.0500000
      1242.00    0.0500000
      1247.00    0.0500000
      1252.00    0.0500000
      1257.00    0.0500000
      1262.00    0.0500000
      1267.00    0.0500000
      1272.00    0.0500000
      1277.00    0.0500000
      1282.00    0.0500000
      1287.00    0.0500000
      1292.00    0.0500000
      1297.00    0.0500000
      1302.00    0.0500000
      1307.00    0.0500000
      1312.00    0.0500000
      1317.00    0.0500000
      1322.00    0.0500000
      1327.00    0.0500000
      1332.00    0.0500000
      1337.00    0.0500000
      1342.00    0.0500000
      1347.00    0.0500000
      1352.00    0.0500000
      1357.00    0.0500000
      1362.00    0.0500000
      1367.00    0.0500000
      1372.00    0.0500000
      1377.00    0.0500000
      1383.00    0.0500000
      1389.00    0.0500000
      1395.00    0.0500000
      1401.00    0.0500000
      1407.00    0.0500000
      1413.00    0.0500000
      1419.00    0.0500000
      1425.00    0.0500000
      1431.00    0.0500000
      1437.00    0.0500000
      1443.00    0.0500000
      1449.00    0.0500000
      1455.00    0.0500000
      1461.00    0.0500000
      1467.00    0.0500000
      1473.00    0.0500000
      1479.00    0.0500000
      1485.00    0.0500000
      1491.00    0.0500000
      1497.00    0.0500000
      1503.00    0.0500000
      1509.00    0.0500000
      1515.00    0.0500000
      1521.00    0.0500000
      1527.00    0.0500000
      1533.00    0.0500000
      1539.00    0.0500000
      1545.00    0.0500000
      1551.00    0.0500000
      1557.00    0.0500000
      1563.00    0.0500000
      1569.00    0.0500000
      1575.00    0.0500000
      1581.00    0.0500000
      1587.00    0.0500000
      1593.00    0.0500000
      1599.00    0.0500000
      1605.00    0.0500000
      1611.00    0.0500000
      1617.00    0.0500000
      1623.00    0.0500000
      1629.00    0.0500000
      1636.00    0.0500000
      1643.00    0.0500000
      1650.00    0.0500000
      1657.00    0.0500000
      1664.00    0.0500000
      1671.00    0.0500000
      1678.00    0.0500000
      1685.00    0.0500000
      1692.00    0.0500000
      1699.00    0.0500000
      1706.00    0.0500000
      1713.00    0.0500000
      1720.00    0.0500000
      1727.00    0.0500000
      1734.00    0.0500000
      1741.00    0.0500000
      1748.00    0.0500000
      1755.00    0.0500000
      1762.00    0.0500000
      1769.00    0.0500000
      1776.00    0.0500000
      1783.00    0.0500000
      1790.00    0.0500000
      1797.00    0.0500000
      1804.00    0.0500000
      1811.00    0.0500000
      1818.00    0.0500000
      1825.00    0.0500000
      1832.00    0.0500000
      1839.00    0.0500000
      1846.00    0.0500000
      1853.00    0.0500000
      1860.00    0.0500000
      1867.00    0.0500000
      1874.00    0.0500000
      1881.00    0.0500000
      1889.00    0.0500000
      1897.00    0.0500000
      1905.00    0.0500000
      1913.00    0.0500000
      1921.00    0.0500000
      1929.00    0.0500000
      1937.00    0.0500000
      1945.00    0.0500000
      1953.00    0.0500000
      1961.00    0.0500000
      1969.00    0.0500000
      1977.00    0.0500000
      1985.00    0.0500000
      1993.00    0.0500000
      2001.00    0.0500000
      2009.00    0.0500000
      2017.00    0.0500000
      2025.00    0.0500000
      2033.00    0.0500000
      2041.00    0.0500000
      2049.00    0.0500000
      2057.00    0.0500000
      2065.00    0.0500000
      2073.00    0.0500000
      2081.00    0.0500000
      2089.00    0.0500000
      2097.00    0.0500000
      2105.00    0.0500000
      2113.00    0.0500000
      2121.00    0.0500000
      2129.00    0.0500000
      2138.00    0.0500000
      2147.00    0.0500000
      2156.00    0.0500000
      2165.00    0.0500000
      2174.00    0.0500000
      2183.00    0.0500000
      2192.00    0.0500000
      2201.00    0.0500000
      2210.00    0.0500000
      2219.00    0.0500000
      2228.00    0.0500000
      2237.00    0.0500000
      2246.00    0.0500000
      2255.00    0.0500000
      2264.00    0.0500000
      2273.00    0.0500000
      2282.00    0.0500000
      2291.00    0.0500000
      2300.00    0.0500000
      2309.00    0.0500000
      2318.00    0.0500000
      2327.00    0.0500000
      2336.00    0.0500000
      2345.00    0.0500000
      2354.00    0.0500000
      2363.00    0.0500000
      2372.00    0.0500000
      2381.00    0.0500000
      2391.00    0.0500000
      2401.00    0.0500000
      2411.00    0.0500000
      2421.00    0.0500000
      2431.00    0.0500000
      2441.00    0.0500000
      2451.00    0.0500000
      2461.00    0.0500000
      2471.00    0.0500000
      2481.00    0.0500000
      2491.00    0.0500000
      2501.00    0.0500000
      2511.00    0.0500000
      2521.00    0.0500000
      2531.00    0.0500000
      2541.00    0.0500000
      2551.00    0.0500000
      2561.00    0.0500000
      2571.00    0.0500000
      2581.00    0.0500000
      2591.00    0.0500000
      2601.00    0.0500000
      2611.00    0.0500000
      2621.00    0.0500000
      2631.00    0.0500000
      2642.00    0.0500000
      2653.00    0.0500000
      2664.00    0.0500000
      2675.00    0.0500000
      2686.00    0.0500000
      2697.00    0.0500000
      2708.00    0.0500000
      2719.00    0.0500000
      2730.00    0.0500000
      2741.00    0.0500000
      2752.00    0.0500000
      2763.00    0.0500000
      2774.00    0.0500000
      2785.00    0.0500000
      2796.00    0.0500000
      2807.00    0.0500000
      2818.00    0.0500000
      2829.00    0.0500000
      2840.00    0.0500000
      2851.00    0.0500000
      2862.00    0.0500000
      2873.00    0.0500000
      2884.00    0.0500000
      2896.00    0.0500000
      2908.00    0.0500000
      2920.00    0.0500000
      2932.00    0.0500000
      2944.00    0.0500000
      2956.00    0.0500000
      2968.00    0.0500000
      2980.00    0.0500000
      2992.00    0.0500000
      3004.00    0.0500000
      3016.00    0.0500000
      3028.00    0.0500000
      3040.00    0.0500000
      3052.00    0.0500000
      3064.00    0.0500000
      3076.00    0.0500000
      3088.00    0.0500000
      3100.00    0.0500000
      3112.00    0.0500000
      3124.00    0.0500000
      3136.00    0.0500000
      3149.00    0.0500000
      3162.00    0.0500000
      3175.00    0.0500000
      3188.00    0.0500000
      3201.00    0.0500000
      3214.00    0.0500000
      3227.00    0.0500000
      3240.00    0.0500000
      3253.00    0.0500000
      3266.00    0.0500000
      3279.00    0.0500000
      3292.00    0.0500000
      3305.00    0.0500000
      3318.00    0.0500000
      3331.00    0.0500000
      3344.00    0.0500000
      3357.00    0.0500000
      3370.00    0.0500000
      3383.00    0.0500000
      3397.00    0.0500000
      3411.00    0.0500000
      3425.00    0.0500000
      3439.00    0.0500000
      3453.00    0.0500000
      3467.00    0.0500000
      3481.00    0.0500000
      3495.00    0.0500000
      3509.00    0.0500000
      3523.00    0.0500000
      3537.00    0.0500000
      3551.00    0.0500000
      3565.00    0.0500000
      3579.00    0.0500000
      3593.00    0.0500000
      3607.00    0.0500000
      3621.00    0.0500000
      3635.00    0.0500000
      3650.00    0.0500000
      3665.00    0.0500000
      3680.00    0.0500000
      3695.00    0.0500000
      3710.00    0.0500000
      3725.00    0.0500000
      3740.00    0.0500000
      3755.00    0.0500000
      3770.00    0.0500000
      3785.00    0.0500000
      3800.00    0.0500000
      3815.00    0.0500000
      3830.00    0.0500000
      3845.00    0.0500000
      3860.00    0.0500000
      3875.00    0.0500000
      3891.00    0.0500000
      3907.00    0.0500000
      3923.00    0.0500000
      3939.00    0.0500000
      3955.00    0.0500000
      3971.00    0.0500000
      3987.00    0.0500000
      4003.00    0.0500000
      4019.00    0.0500000
      4035.00    0.0500000
      4051.00    0.0500000
      4067.00    0.0500000
      4083.00    0.0500000
      4099.00    0.0500000
      4115.00    0.0500000
      4131.00    0.0500000
      4148.00    0.0500000
      4165.00    0.0500000
      4182.00    0.0500000
      4199.00    0.0500000
      4216.00    0.0500000
      4233.00    0.0500000
      4250.00    0.0500000
      4267.00    0.0500000
      4284.00    0.0500000
      4301.00    0.0500000
      4318.00    0.0500000
      4335.00    0.0500000
      4352.00    0.0500000
      4369.00    0.0500000
      4386.00    0.0500000
      4404.00    0.0500000
      4422.00    0.0500000
      4440.00    0.0500000
      4458.00    0.0500000
      4476.00    0.0500000
      4494.00    0.0500000
      4512.00    0.0500000
      4530.00    0.0500000
      4548.00    0.0500000
      4566.00    0.0500000
      4584.00    0.0500000
      4602.00    0.0500000
      4620.00    0.0500000
      4638.00    0.0500000
      4657.00    0.0500000
      4676.00    0.0500000
      4695.00    0.0500000
      4714.00    0.0500000
      4733.00    0.0500000
      4752.00    0.0500000
      4771.00    0.0500000
      4790.00    0.0500000
      4809.00    0.0500000
      4828.00    0.0500000
      4847.00    0.0500000
      4866.00    0.0500000
      4885.00    0.0500000
      4905.00    0.0500000
      4925.00    0.0500000
      4945.00    0.0500000
      4965.00    0.0500000
      4985.00    0.0500000
      5005.00    0.0500000
      5025.00    0.0500000
      5045.00    0.0500000
      5065.00    0.0500000
      5085.00    0.0500000
      5105.00    0.0500000
      5125.00    0.0500000
      5146.00    0.0500000
      5167.00    0.0500000
      5188.00    0.0500000
      5209.00    0.0500000
      5230.00    0.0500000
      5251.00    0.0500000
      5272.00    0.0500000
      5293.00    0.0500000
      5314.00    0.0500000
      5335.00    0.0500000
      5356.00    0.0500000
      5377.00    0.0500000
      5399.00    0.0500000
      5421.00    0.0500000
      5443.00    0.0500000
      5465.00    0.0500000
      5487.00    0.0500000
      5509.00    0.0500000
      5531.00    0.0500000
      5553.00    0.0500000
      5575.00    0.0500000
      5597.00    0.0500000
      5619.00    0.0500000
      5641.00    0.0500000
      5664.00    0.0500000
      5687.00    0.0500000
      5710.00    0.0500000
      5733.00    0.0500000
      5756.00    0.0500000
      5779.00    0.0500000
      5802.00    0.0500000
      5825.00    0.0500000
      5848.00    0.0500000
      5871.00    0.0500000
      5894.00    0.0500000
      5918.00    0.0500000
      5942.00    0.0500000
      5966.00    0.0500000
      5990.00    0.0500000
      6014.00    0.0500000
      6038.00    0.0500000
      6062.00    0.0500000
      6086.00    0.0500000
      6110.00    0.0500000
      6134.00    0.0500000
      6159.00    0.0500000
      6184.00    0.0500000
      6209.00    0.0500000
      6234.00    0.0500000
      6259.00    0.0500000
      6284.00    0.0500000
      6309.00    0.0500000
      6334.00    0.0500000
      6359.00    0.0500000
      6384.00    0.0500000
      6410.00    0.0500000
      6436.00    0.0500000
      6462.00    0.0500000
      6488.00    0.0500000
      6514.00    0.0500000
      6540.00    0.0500000
      6566.00    0.0500000
      6592.00    0.0500000
      6618.00    0.0500000
      6644.00    0.0500000
      6671.00    0.0500000
      6698.00    0.0500000
      6725.00    0.0500000
      6752.00    0.0500000
      6779.00    0.0500000
      6806.00    0.0500000
      6833.00    0.0500000
      6860.00    0.0500000
      6887.00    0.0500000
      6915.00    0.0500000
      6943.00    0.0500000
      6971.00    0.0500000
      6999.00    0.0500000
      7027.00    0.0500000
      7055.00    0.0500000
      7083.00    0.0500000
      7111.00    0.0500000
      7139.00    0.0500000
      7168.00    0.0500000
      7197.00    0.0500000
      7226.00    0.0500000
      7255.00    0.0500000
      7284.00    0.0500000
      7313.00    0.0500000
      7342.00    0.0500000
      7371.00    0.0500000
      7400.00    0.0500000
      7430.00    0.0500000
      7460.00    0.0500000
      7490.00    0.0500000
      7520.00    0.0500000
      7550.00    0.0500000
      7580.00    0.0500000
      7610.00    0.0500000
      7640.00    0.0500000
      7671.00    0.0500000
      7702.00    0.0500000
      7733.00    0.0500000
      7764.00    0.0500000
      7795.00    0.0500000
      7826.00    0.0500000
      7857.00    0.0500000
      7888.00    0.0500000
      7920.00    0.0500000
      7952.00    0.0500000
      7984.00    0.0500000
      8016.00    0.0500000
      8048.00    0.0500000
      8080.00    0.0500000
      8112.00    0.0500000
      8144.00    0.0500000
      8177.00    0.0500000
      8210.00    0.0500000
      8243.00    0.0500000
      8276.00    0.0500000
      8309.00    0.0500000
      8342.00    0.0500000
      8375.00    0.0500000
      8409.00    0.0500000
      8443.00    0.0500000
      8477.00    0.0500000
      8511.00    0.0500000
      8545.00    0.0500000
      8579.00    0.0500000
      8613.00    0.0500000
      8647.00    0.0500000
      8682.00    0.0500000
      8717.00    0.0500000
      8752.00    0.0500000
      8787.00    0.0500000
      8822.00    0.0500000
      8857.00    0.0500000
      8892.00    0.0500000
      8928.00    0.0500000
      8964.00    0.0500000
      9000.00    0.0500000
      9036.00    0.0500000
      9072.00    0.0500000
      9108.00    0.0500000
      9144.00    0.0500000
      9181.00    0.0500000
      9218.00    0.0500000
      9255.00    0.0500000
      9292.00    0.0500000
      9329.00    0.0500000
      9366.00    0.0500000
      9403.00    0.0500000
      9441.00    0.0500000
      9479.00    0.0500000
      9517.00    0.0500000
      9555.00    0.0500000
      9593.00    0.0500000
      9631.00    0.0500000
      9670.00    0.0500000
      9709.00    0.0500000
      9748.00    0.0500000
      9787.00    0.0500000
      9826.00    0.0500000
      9865.00    0.0500000
      9904.00    0.0500000
      9944.00    0.0500000
      9984.00    0.0500000
      10024.0    0.0500000
      10064.0    0.0500000
      10104.0    0.0500000
      10144.0    0.0500000
      10185.0    0.0500000
      10226.0    0.0500000
      10267.0    0.0500000
      10308.0    0.0500000
      10349.0    0.0500000
      10390.0    0.0500000
      10432.0    0.0500000
      10474.0    0.0500000
      10516.0    0.0500000
      10558.0    0.0500000
      10600.0    0.0500000
      10642.0    0.0500000
      10685.0    0.0500000
      10728.0    0.0500000
      10771.0    0.0500000
      10814.0    0.0500000
      10857.0    0.0500000
      10900.0    0.0500000
      10944.0    0.0500000
      10988.0    0.0500000
      11032.0    0.0500000
      11076.0    0.0500000
      11120.0    0.0500000
      11164.0    0.0500000
      11209.0    0.0500000
      11254.0    0.0500000
      11299.0    0.0500000
      11344.0    0.0500000
      11389.0    0.0500000
      11435.0    0.0500000
      11481.0    0.0500000
      11527.0    0.0500000
      11573.0    0.0500000
      11619.0    0.0500000
      11665.0    0.0500000
      11712.0    0.0500000
      11759.0    0.0500000
      11806.0    0.0500000
      11853.0    0.0500000
      11900.0    0.0500000
      11948.0    0.0500000
      11996.0    0.0500000
      12044.0    0.0500000
      12092.0    0.0500000
      12140.0    0.0500000
      12189.0    0.0500000
      12238.0    0.0500000
      12287.0    0.0500000
      12336.0    0.0500000
      12385.0    0.0500000
      12435.0    0.0500000
      12485.0    0.0500000
      12535.0    0.0500000
      12585.0    0.0500000
      12635.0    0.0500000
      12686.0    0.0500000
      12737.0    0.0500000
      12788.0    0.0500000
      12839.0    0.0500000
      12890.0    0.0500000
      12942.0    0.0500000
      12994.0    0.0500000
      13046.0    0.0500000
      13098.0    0.0500000
      13150.0    0.0500000
      13203.0    0.0500000
      13256.0    0.0500000
      13309.0    0.0500000
      13362.0    0.0500000
      13415.0    0.0500000
      13469.0    0.0500000
      13523.0    0.0500000
      13577.0    0.0500000
      13631.0    0.0500000
      13686.0    0.0500000
      13741.0    0.0500000
      13796.0    0.0500000
      13851.0    0.0500000
      13906.0    0.0500000
      13962.0    0.0500000
      14018.0    0.0500000
      14074.0    0.0500000
      14130.0    0.0500000
      14187.0    0.0500000
      14244.0    0.0500000
      14301.0    0.0500000
      14358.0    0.0500000
      14415.0    0.0500000
      14473.0    0.0500000
      14531.0    0.0500000
      14589.0    0.0500000
      14647.0    0.0500000
      14706.0    0.0500000
      14765.0    0.0500000
      14824.0    0.0500000
      14883.0    0.0500000
      14943.0    0.0500000
      15003.0    0.0500000
      15063.0    0.0500000
      15123.0    0.0500000
      15183.0    0.0500000
      15244.0    0.0500000
      15305.0    0.0500000
      15366.0    0.0500000
      15427.0    0.0500000
      15489.0    0.0500000
      15551.0    0.0500000
      15613.0    0.0500000
      15675.0    0.0500000
      15738.0    0.0500000
      15801.0    0.0500000
      15864.0    0.0500000
      15927.0    0.0500000
      15991.0    0.0500000
      16055.0    0.0500000
      16119.0    0.0500000
      16183.0    0.0500000
      16248.0    0.0500000
      16313.0    0.0500000
      16378.0    0.0500000
      16444.0    0.0500000
      16510.0    0.0500000
      16576.0    0.0500000
      16642.0    0.0500000
      16709.0    0.0500000
      16776.0    0.0500000
      16843.0    0.0500000
      16910.0    0.0500000
      16978.0    0.0500000
      17046.0    0.0500000
      17114.0    0.0500000
      17182.0    0.0500000
      17251.0    0.0500000
      17320.0    0.0500000
      17389.0    0.0500000
      17459.0    0.0500000
      17529.0    0.0500000
      17599.0    0.0500000
      17669.0    0.0500000
      17740.0    0.0500000
      17811.0    0.0500000
      17882.0    0.0500000
      17954.0    0.0500000
      18026.0    0.0500000
      18098.0    0.0500000
      18170.0    0.0500000
      18243.0    0.0500000
      18316.0    0.0500000
      18389.0    0.0500000
      18463.0    0.0500000
      18537.0    0.0500000
      18611.0    0.0500000
      18685.0    0.0500000
      18760.0    0.0500000
      18835.0    0.0500000
      18910.0    0.0508812
      18986.0    0.0526733
      19062.0    0.0553861
      19138.0    0.0590198
      19215.0    0.0635743
      19292.0    0.0690594
      19369.0    0.0754752
      19446.0    0.0828317
      19524.0    0.0911287
      19602.0     0.100366
      19680.0     0.110554
      19759.0     0.121693
      19838.0     0.133792
      19917.0     0.146851
      19997.0     0.160871
      20077.0     0.175861
      20157.0     0.191822
      20238.0     0.208752
      20319.0     0.226663
      20400.0     0.245554
      20482.0     0.265436
      20564.0     0.286307
      20646.0     0.308168
      20729.0     0.331030
      20812.0     0.354891
      20895.0     0.379762
      20979.0     0.405644
      21063.0     0.432535
      21147.0     0.460446
      21232.0     0.489376
      21317.0     0.519337
      21402.0     0.550327
      21488.0     0.582356
      21574.0     0.615426
      21660.0     0.649535
      21747.0     0.684693
      21834.0     0.720901
      21921.0     0.758168
      22009.0     0.796495
      22097.0     0.835881
      22185.0     0.876337
      22274.0     0.917861
      22363.0     0.960465
      22452.0      1.00415
      22542.0      1.04892
      22632.0      1.09478
      22723.0      1.14174
      22814.0      1.18980
      22905.0      1.23896
      22997.0      1.28923
      23089.0      1.34060
      23181.0      1.39310
      23274.0      1.44671
      23367.0      1.50146
      23460.0      1.55733
      23554.0      1.61434
      23648.0      1.67249
      23743.0      1.73177
      23838.0      1.79221
      23933.0      1.85379
      24029.0      1.91653
      24125.0      1.98044
      24222.0      2.04551
      24319.0      2.11174
      24416.0      2.17916
      24514.0      2.24775
      24612.0      2.31753
      24710.0      2.38850
      24809.0      2.46067
      24908.0      2.53404
      25008.0      2.60861
      25108.0      2.68440
      25208.0      2.76140
      25309.0      2.83961
      25410.0      2.91906
      25512.0      2.99973
      25614.0      3.08164
      25716.0      3.16479
      25819.0      3.24919
      25922.0      3.33483
      26026.0      3.42173
      26130.0      3.50989
      26235.0      3.59932
      26340.0      3.69001
      26445.0      3.78198
      26551.0      3.87523
      26657.0      3.96976
      26764.0      4.06558
      26871.0      4.16270
      26978.0      4.26112
      27086.0      4.35963
      27194.0      4.45815
      27303.0      4.55666
      27412.0      4.65518
      27522.0      4.75369
      27632.0      4.85221
      27743.0      4.95072
      27854.0      5.04924
      27965.0      5.14775
      28077.0      5.24627
      28189.0      5.34478
      28302.0      5.44242
      28415.0      5.53914
      28529.0      5.63494
      28643.0      5.72982
      28758.0      5.82378
      28873.0      5.91681
      28988.0      6.00891
      29104.0      6.10007
      29220.0      6.19029
      29337.0      6.27956
      29454.0      6.36789
      29572.0      6.45527
      29690.0      6.54168
      29809.0      6.62714
      29928.0      6.71163
      30048.0      6.79516
      30168.0      6.87771
      30289.0      6.95930
      30410.0      7.03990
      30532.0      7.11952
      30654.0      7.19816
      30777.0      7.27580
      30900.0      7.35246
      31024.0      7.42811
      31148.0      7.50276
      31273.0      7.57641
      31398.0      7.64904
      31524.0      7.72066
      31650.0      7.79127
      31777.0      7.86085
      31904.0      7.92941
      32032.0      7.99693
      32160.0      8.06342
      32289.0      8.12886
      32418.0      8.19327
      32548.0      8.25662
      32678.0      8.31893
      32809.0      8.38018
      32940.0      8.44037
      33072.0      8.49950
      33204.0      8.55755
      33337.0      8.61454
      33470.0      8.67046
      33604.0      8.72529
      33738.0      8.77903
      33873.0      8.83168
      34008.0      8.88324
      34144.0      8.93369
      34281.0      8.98305
      34418.0      9.03130
      34556.0      9.07844
      34694.0      9.12446
      34833.0      9.16936
      34972.0      9.21313
      35112.0      9.25577
      35252.0      9.29728
      35393.0      9.33764
      35535.0      9.37687
      35677.0      9.41495
      35820.0      9.45188
      35963.0      9.48765
      36107.0      9.52227
      36251.0      9.55571
      36396.0      9.58799
      36542.0      9.61909
      36688.0      9.64901
      36835.0      9.67774
      36982.0      9.70529
      37130.0      9.73163
      37279.0      9.75678
      37428.0      9.78072
      37578.0      9.80346
      37728.0      9.82497
      37879.0      9.84527
      38031.0      9.86434
      38183.0      9.88218
      38336.0      9.89878
      38489.0      9.91415
      38643.0      9.92827
      38798.0      9.94114
      38953.0      9.95275
      39109.0      9.96311
      39265.0      9.97220
      39422.0      9.98002
      39580.0      9.98656
      39738.0      9.99183
      39897.0      9.99581
      40057.0      9.99850
      40217.0      9.99990
      40378.0      10.0000
      40540.0      10.0000
      40702.0      10.0000
      40865.0      10.0000
      41028.0      10.0000
      41192.0      10.0000
      41357.0      10.0000
      41522.0      10.0000
      41688.0      10.0000
      41855.0      10.0000
      42022.0      10.0000
      42190.0      10.0000
      42359.0      10.0000
      42528.0      10.0000
      42698.0      10.0000
      42869.0      10.0000
      43040.0      10.0000
      43212.0      10.0000
      43385.0      10.0000
      43559.0      10.0000
      43733.0      10.0000
      43908.0      10.0000
      44084.0      10.0000
      44260.0      10.0000
      44437.0      10.0000
      44615.0      10.0000
      44793.0      10.0000
      44972.0      10.0000
      45152.0      10.0000
      45333.0      10.0000
      45514.0      10.0000
      45696.0      10.0000
      45879.0      10.0000
      46063.0      10.0000
      46247.0      10.0000
      46432.0      10.0000
      46618.0      10.0000
      46804.0      10.0000
      46991.0      10.0000
      47179.0      10.0000
      47368.0      10.0000
      47557.0      10.0000
      47747.0      10.0000
      47938.0      10.0000
      48130.0      10.0000
      48323.0      10.0000
      48516.0      10.0000
      48710.0      10.0000
      48905.0      10.0000
      49101.0      10.0000
      49297.0      10.0000
      49494.0      10.0000
      49692.0      10.0000
      49891.0      10.0000
      50091.0      10.0000
      50291.0      10.0000
      50492.0      10.0000
      50694.0      10.0000
      50897.0      10.0000
      51101.0      10.0000
      51305.0      10.0000
      51510.0      10.0000
      51716.0      10.0000
      51923.0      10.0000
      52131.0      10.0000
      52340.0      10.0000
      52549.0      10.0000
      52759.0      10.0000
      52970.0      10.0000
      53182.0      10.0000
      53395.0      10.0000
      53609.0      10.0000
      53823.0      10.0000
      54038.0      10.0000
      54254.0      10.0000
      54471.0      10.0000
      54689.0      10.0000
      54908.0      10.0000
      55128.0      10.0000
      55349.0      10.0000
      55570.0      10.0000
      55792.0      10.0000
      56015.0      10.0000
      56239.0      10.0000
      56464.0      10.0000
      56690.0      10.0000
      56917.0      10.0000
      57145.0      10.0000
      57374.0      10.0000
      57603.0      10.0000
      57833.0      10.0000
      58064.0      10.0000
      58296.0      10.0000
      58529.0      10.0000
      58763.0      10.0000
      58998.0      10.0000
      59234.0      10.0000
      59471.0      10.0000
      59709.0      10.0000
      59948.0      10.0000
      60188.0      10.0000
      60429.0      10.0000
      60671.0      10.0000
      60914.0      10.0000
      61158.0      10.0000
      61403.0      10.0000
      61649.0      10.0000
      61896.0      10.0000
      62144.0      10.0000
      62393.0      10.0000
      62643.0      10.0000
      62894.0      10.0000
      63146.0      10.0000
      63399.0      10.0000
      63653.0      10.0000
      63908.0      10.0000
      64164.0      10.0000
      64421.0      10.0000
      64679.0      10.0000
      64938.0      10.0000
      65198.0      10.0000
      65459.0      10.0000
      65721.0      10.0000
      65984.0      10.0000
      66248.0      10.0000
      66513.0      10.0000
      66779.0      10.0000
      67046.0      10.0000
      67314.0      10.0000
      67583.0      10.0000
      67853.0      10.0000
      68124.0      10.0000
      68396.0      10.0000
      68670.0      10.0000
      68945.0      10.0000
      69221.0      10.0000
      69498.0      10.0000
      69776.0      10.0000
      70055.0      10.0000
      70335.0      10.0000
      70616.0      10.0000
      70898.0      10.0000
      71182.0      10.0000
      71467.0      10.0000
      71753.0      10.0000
      72040.0      10.0000
      72328.0      10.0000
      72617.0      10.0000
      72907.0      10.0000
      73199.0      10.0000
      73492.0      10.0000
      73786.0      10.0000
      74081.0      10.0000
      74377.0      10.0000
      74675.0      10.0000
      74974.0      10.0000
      75274.0      10.0000
      75575.0      10.0000
      75877.0      10.0000
      76181.0      10.0000
      76486.0      10.0000
      76792.0      10.0000
      77099.0      10.0000
      77407.0      10.0000
      77717.0      10.0000
      78028.0      10.0000
      78340.0      10.0000
      78653.0      10.0000
      78968.0      10.0000
      79284.0      10.0000
      79601.0      10.0000
      79919.0      10.0000
      80239.0      10.0000
      80560.0      10.0000
      80882.0      10.0000
      81206.0      10.0000
      81531.0      10.0000
      81857.0      10.0000
      82184.0      10.0000
      82513.0      10.0000
      82843.0      10.0000
      83174.0      10.0000
      83507.0      10.0000
      83841.0      10.0000
      84176.0      10.0000
      84513.0      10.0000
      84851.0      10.0000
      85190.0      10.0000
      85531.0      10.0000
      85873.0      10.0000
      86216.0      10.0000
      86561.0      10.0000
      86907.0      10.0000
      87255.0      10.0000
      87604.0      10.0000
      87954.0      10.0000
      88306.0      10.0000
      88659.0      10.0000
      89014.0      10.0000
      89370.0      10.0000
      89727.0      10.0000
      90086.0      10.0000
      90446.0      10.0000
      90808.0      10.0000
      91171.0      10.0000
      91536.0      10.0000
      91902.0      10.0000
      92270.0      10.0000
      92639.0      10.0000
      93010.0      10.0000
      93382.0      10.0000
      93756.0      10.0000
      94131.0      10.0000
      94508.0      10.0000
      94886.0      10.0000
      95266.0      10.0000
      95647.0      10.0000
      96030.0      10.0000
      96414.0      10.0000
      96800.0      10.0000
      97187.0      10.0000
      97576.0      10.0000
      97966.0      10.0000
      98358.0      10.0000
      98751.0      10.0000
      99146.0      10.0000
      99543.0      10.0000
      99941.0      10.0000
      100341.      10.0000
      100742.      10.0000
      101145.      10.0000
      101550.      10.0000
      101956.      10.0000
      102364.      10.0000
      102773.      10.0000
      103184.      10.0000
      103597.      10.0000
      104011.      10.0000
      104427.      10.0000
      104845.      10.0000
      105264.      10.0000
      105685.      10.0000
      106108.      10.0000
      106532.      10.0000
      106958.      10.0000
      107386.      10.0000
      107816.      10.0000
      108247.      10.0000
      108680.      10.0000
      109115.      10.0000
      109551.      10.0000
      109989.      10.0000
      110429.      10.0000
      110871.      10.0000
      111314.      10.0000
      111759.      10.0000
      112206.      10.0000
      112655.      10.0000
      113106.      10.0000
      113558.      10.0000
      114012.      10.0000
      114468.      10.0000
      114926.      10.0000
      115386.      10.0000
      115848.      10.0000
      116311.      10.0000
      116776.      10.0000
      117243.      10.0000
      117712.      10.0000
      118183.      10.0000
      118656.      10.0000
      119131.      10.0000
      119608.      10.0000
      120086.      10.0000
      120566.      10.0000
      121048.      10.0000
      121532.      10.0000
      122018.      10.0000
      122506.      10.0000
      122996.      10.0000
      123488.      10.0000
      123982.      10.0000
      124478.      10.0000
      124976.      10.0000
      125476.      10.0000
      125978.      10.0000
      126482.      10.0000
      126988.      10.0000
      127496.      10.0000
      128006.      10.0000
      128518.      10.0000
      129032.      10.0000
      129548.      10.0000
      130066.      10.0000
      130586.      10.0000
      131108.      10.0000
      131632.      10.0000
      132159.      10.0000
      132688.      10.0000
      133219.      10.0000
      133752.      10.0000
      134287.      10.0000
      134824.      10.0000
      135363.      10.0000
      135904.      10.0000
      136448.      10.0000
      136994.      10.0000
      137542.      10.0000
      138092.      10.0000
      138644.      10.0000
      139199.      10.0000
      139756.      10.0000
      140315.      10.0000
      140876.      10.0000
      141440.      10.0000
      142006.      10.0000
      142574.      10.0000
      143144.      10.0000
      143717.      10.0000
      144292.      10.0000
      144869.      10.0000
      145448.      10.0000
      146030.      10.0000
      146614.      10.0000
      147200.      10.0000
      147789.      10.0000
      148380.      10.0000
      148974.      10.0000
      149570.      10.0000
      150168.      10.0000
      150769.      10.0000
      151372.      10.0000
      151977.      10.0000
      152585.      10.0000
      153195.      10.0000
      153808.      10.0000
      154423.      10.0000
      155041.      10.0000
      155661.      10.0000
      156284.      10.0000
      156909.      10.0000
      157537.      10.0000
      158167.      10.0000
      158800.      10.0000
      159435.      10.0000
      160073.      10.0000
      160713.      10.0000
      161356.      10.0000
      162001.      10.0000
      162649.      10.0000
      163300.      10.0000
      163953.      10.0000
      164609.      10.0000
      165267.      10.0000
      165928.      10.0000
      166592.      10.0000
      167258.      10.0000
      167927.      10.0000
      168599.      10.0000
      169273.      10.0000
      169950.      10.0000
      170630.      10.0000
      171313.      10.0000
      171998.      10.0000
      172686.      10.0000
      173377.      10.0000
      174071.      10.0000
      174767.      10.0000
      175466.      10.0000
      176168.      10.0000
      176873.      10.0000
      177580.      10.0000
      178290.      10.0000
      179003.      10.0000
      179719.      10.0000
      180438.      10.0000
      181160.      10.0000
      181885.      10.0000
      182613.      10.0000
      183343.      10.0000
      184076.      10.0000
      184812.      10.0000
      185551.      10.0000
      186293.      10.0000
      187038.      10.0000
      187786.      10.0000
      188537.      10.0000
      189291.      10.0000
      190048.      10.0000
      190808.      10.0000
      191571.      10.0000
      192337.      10.0000
      193106.      10.0000
      193878.      10.0000
      194654.      10.0000
      195433.      10.0000
      196215.      10.0000
      197000.      10.0000
      197788.      10.0000
      198579.      10.0000
      199373.      10.0000
      200170.      10.0000
